f 0 0 s 4 #0c6 1 m -78 -174.95 l 97 -174.95 q 107 -174.95 107 -164.95 l 107 25.05 q 107 35.05 97 35.05 l -78 35.05 q -88 35.05 -88 25.05 l -88 -164.95 q -88 -174.95 -78 -174.95
f #282828 0.74902 m 107 -164.95 q 107 -174.95 97 -174.95 l -78 -174.95 q -88 -174.95 -88 -164.95 l -88 25.05 q -88 35.05 -78 35.05 l 97 35.05 q 107 35.05 107 25.05 l 107 -164.95 c
f #282828 0.298039 m 107 -164.95 q 107 -174.95 97 -174.95 l -78 -174.95 q -88 -174.95 -88 -164.95 l -88 25.05 q -88 35.05 -78 35.05 l 97 35.05 q 107 35.05 107 25.05 l 107 -164.95 c f 0 0 s 0.1 #333 0.498039 m -78 -174.95 l 97 -174.95 q 107 -174.95 107 -164.95 l 107 25.05 q 107 35.05 97 35.05 l -78 35.05 q -88 35.05 -88 25.05 l -88 -164.95 q -88 -174.95 -78 -174.95
f #fc0 1 m 30 59.95 l 30 -60 l -30 -59.95 l -30 60 l 30 59.95 c
f #000 1 m 400 400 l -400 400 l -400 2000 l 400 2000 l 400 400 c f 0 0 s 1 #000 1 m 400 400 l -400 400 l -400 2000 l 400 2000 l 400 400
f #000 1 m 399.95 -400 l 400 -400 l 400 2000 l 2000 2000 l 2000 -2000 l 399.9 -2000 l 399.95 -400 c
f #000 1 m -2000 -2000 l -2000 2000 l -400 2000 l -400.05 -2000 l -2000 -2000 c
f #33c 1 m 961 640.1 l 961 0.1 l 0 0.1 l 0 640.1 l 961 640.1 c
f #333 1 m 272 32.05 q 272 27.05 267 27.05 l 12 27.05 q 7 27.05 7 32.05 l 7 382.05 q 7 387.05 12 387.05 l 267 387.05 q 272 387.05 272 382.05 l 272 32.05 c
f #a78a00 1 m 381 357.05 l 381 347.05 q 381 337.05 371 337.05 l 221 337.05 q 211 337.05 211 347.05 l 211 357.05 q 211 367.05 221 367.05 l 371 367.05 q 381 367.05 381 357.05 c
f #282828 0.94902 m 107 -164.95 q 107 -174.95 97 -174.95 l -78 -174.95 q -88 -174.95 -88 -164.95 l -88 25.05 q -88 35.05 -78 35.05 l 97 35.05 q 107 35.05 107 25.05 l 107 -164.95 c
f #282828 0.8 m 107 -164.95 q 107 -174.95 97 -174.95 l -78 -174.95 q -88 -174.95 -88 -164.95 l -88 25.05 q -88 35.05 -78 35.05 l 97 35.05 q 107 35.05 107 25.05 l 107 -164.95 c f 0 0 s 0.1 #333 0.498039 m -78 -174.95 l 97 -174.95 q 107 -174.95 107 -164.95 l 107 25.05 q 107 35.05 97 35.05 l -78 35.05 q -88 35.05 -88 25.05 l -88 -164.95 q -88 -174.95 -78 -174.95
f #fff 0.298039 m 87.45 52 l 106.85 52 l 97.15 34.4 l 87.45 52 c
f #080808 1 m 163.85 104.95 q 168.15 106.45 169 103.6 q 163.8 97.85 157.85 99.05 l 157.8 99.05 q 155.9 99.45 153.35 100.85 q 152.1 101.55 150.7 102.45 q 149.8 103.05 148.85 103.75 q 148.2 104.2 147.55 104.7 q 147.5 104.75 147.45 104.8 q 147.2 104.95 146.95 105.2 l 144.75 106.75 q 144.35 106.95 144.1 107.2 q 144.05 107.2 144.05 107.25 q 142.3 108.45 140.95 109.25 q 140.8 109.35 140.7 109.45 q 141.05 108.35 141.3 107.2 q 142.75 101.25 142.75 94.7 q 142.75 93.8 142.75 92.95 q 142.7 92.3 142.7 91.7 q 142.3 84.8 140.3 78.65 l 140.25 78.45 q 140.15 78.2 140.05 77.95 q 137.3 70.05 131.75 63.35 l 131.4 62.9 q 131.2 62.7 131 62.45 q 130.2 61.55 129.4 60.7 q 126.45 57.6 123.25 55.2 q 125.45 52.1 124.45 47.25 q 124.4 47.15 124.4 47.05 q 124.4 46.95 124.4 46.9 q 124.35 46.8 124.35 46.7 l 124.2 46.1 q 124.15 46 124.15 45.9 q 124.1 45.85 124.1 45.75 q 124 45.55 123.95 45.35 q 123.95 45.4 123.9 45.45 q 123.75 45.75 123.55 46 q 123.35 46.25 123.15 46.5 q 122.6 47.05 121.9 47.45 q 121.4 47.75 120.8 47.95 q 116.1 49.6 114.85 50.25 q 111.25 48.65 107.4 47.8 q 105.85 47.4 104.3 47.2 q 101.15 46.7 97.9 46.65 l 97.85 46.65 q 97.8 46.65 97.75 46.65 l 97.15 46.65 q 96.7 46.65 96.25 46.65 q 95.9 46.65 95.55 46.7 q 91.65 46.8 87.95 47.55 l 87.25 47.7 q 83.2 48.6 79.45 50.25 q 78.45 49.7 75.1 48.55 q 74.35 48.25 73.5 47.95 q 72.15 47.45 71.25 46.6 l 70.35 45.35 q 70.3 45.45 70.3 45.55 q 70.2 45.9 70.1 46.25 q 70.05 46.4 70.05 46.55 q 69.95 46.9 69.85 47.3 l 69.85 47.5 q 69.85 47.55 69.8 47.65 q 69.8 47.75 69.75 47.9 q 69.7 48.05 69.7 48.2 q 69.6 48.75 69.6 49.3 l 69.6 49.35 q 69.55 49.65 69.55 50 q 69.55 53 71.1 55.2 q 68.6 57 66.35 59.25 l 66.1 59.5 q 65.5 60.05 64.9 60.7 q 54.95 71.15 52.45 84.9 q 52.4 84.95 52.4 85 l 52.4 85.05 q 52.35 85.4 52.3 85.75 l 52.25 86 q 51.55 90.1 51.55 94.55 q 51.55 101.15 53 107.2 q 53.3 108.3 53.65 109.45 q 52.75 108.9 51.65 108.15 q 50.9 107.7 50.2 107.2 q 49.55 106.75 48.9 106.25 q 48.45 105.95 48.05 105.65 q 47.4 105.2 46.75 104.7 q 43.95 102.6 41.7 101.25 q 41.15 100.95 40.65 100.7 q 40.5 100.6 40.4 100.55 q 38.2 99.4 36.55 99.05 l 36.5 99.05 q 35.15 98.8 33.85 98.85 q 29.35 99.15 25.3 103.6 q 26.15 106.45 30.45 104.95 q 33.05 104 35.3 107.2 q 36.7 109.2 37.95 112.85 q 39.55 117.6 41.35 120.8 q 42.15 122.2 43.05 123.35 q 42.25 123.7 41.55 124.1 q 34.25 128.15 37 133.85 q 39.75 139.5 40.4 136.6 q 42.15 129.55 50.6 133.1 q 55.4 135.2 60.05 134.1 q 60 135.5 60 137.15 q 59.8 140.1 59 141.75 l 58.95 141.8 q 58.65 142.25 58.35 142.6 q 58.3 142.6 58.3 142.65 q 57.15 143.8 56.15 144.4 q 55.55 144.75 54.95 144.9 q 54.3 145 53.75 144.9 q 53.05 144.8 52.5 144.35 q 52.25 144.2 52.05 144 q 51.95 143.9 51.9 143.85 l 51.85 143.8 q 51.8 143.75 51.75 143.7 l 51.7 143.65 q 51.25 143.15 51 142.65 l 50.7 142 q 50.65 141.9 50.6 141.8 q 49.75 139.35 50.65 135.55 q 50.7 133.6 48.85 134.85 q 47.1 136 44.95 139.1 q 44.85 139.25 44.75 139.4 q 43.5 141.2 43.9 144 q 44.15 145.85 44.95 147.2 q 45.35 147.85 45.9 148.4 q 49.95 152.45 54.85 153.2 q 56.3 153.4 57.8 153.35 q 57.35 155.65 58.25 158.25 l 60.1 158.35 q 67.9 149.5 78.85 143.8 q 79.2 145.6 79.6 147.8 q 79.6 147.85 79.65 147.9 q 79.65 148.05 79.7 148.2 l 79.8 149.05 q 79.8 149.1 79.85 149.25 q 79.8 149.3 79.85 149.35 q 80.35 153.8 78.4 156.05 q 78.4 156.1 78.35 156.1 q 78.3 156.15 78.25 156.25 q 77.8 156.7 77.4 157.1 l 77 157.45 q 76.1 158.1 75.3 158.35 q 74.6 158.5 73.95 158.35 l 73.9 158.35 q 73.05 158.15 72.3 157.4 q 69.75 154.9 71.35 151.15 q 70.8 150.45 69.65 150.55 q 68.55 150.65 67.7 151.5 q 63.3 156.95 66.4 161.5 q 69.35 165.85 77.9 168.05 q 91.55 171.55 94.85 155.35 q 95.7 149 96.25 142.55 q 96.7 142.55 97.15 142.55 q 97.6 142.55 98.05 142.55 q 98.6 149 99.45 155.35 q 102.75 171.55 116.4 168.05 q 124.95 165.85 127.9 161.5 q 131 156.95 126.6 151.5 q 125.75 150.65 124.65 150.55 q 123.5 150.45 122.95 151.15 q 124.55 154.9 122 157.4 q 121.15 158.25 120.2 158.4 q 119.75 158.45 119.3 158.4 l 119.25 158.4 q 118.55 158.25 117.8 157.8 q 116.9 157.2 115.9 156.05 q 113.7 153.5 114.65 148.05 q 114.7 147.95 114.7 147.8 q 114.75 147.45 114.85 147.1 l 114.85 147.05 q 115.2 145.3 115.5 143.8 q 126.4 149.5 134.2 158.35 l 136.05 158.25 q 136.95 155.65 136.55 153.35 q 138 153.4 139.45 153.2 q 144.35 152.45 148.4 148.4 q 150.05 146.75 150.4 144 q 150.8 141.2 149.55 139.4 q 147.3 136.05 145.45 134.85 q 143.6 133.6 143.65 135.55 q 144.75 140.15 143.3 142.75 q 143.2 142.8 143.15 142.95 l 143.05 143.1 q 142.75 143.5 142.4 143.85 q 142.3 143.95 142.25 144 q 141.7 144.5 141.15 144.75 l 141.1 144.75 q 139.6 145.35 137.85 144.25 l 137.85 144.2 q 137.6 144.05 137.35 143.9 l 137.15 143.75 l 136.45 143.1 q 136.25 142.9 136 142.65 q 135.3 141.9 134.9 140.65 q 134.55 139.5 134.4 137.95 q 134.35 137.55 134.3 137.15 q 134.3 135.5 134.3 134.1 q 138.9 135.2 143.7 133.1 q 152.15 129.55 153.9 136.6 q 154.55 139.5 157.3 133.85 q 160.05 128.15 152.75 124.1 q 152.05 123.7 151.3 123.35 q 151.65 122.8 152.05 122.25 q 152.5 121.55 152.95 120.8 q 154.75 117.6 156.35 112.85 q 157.55 109.2 159 107.2 q 161.2 104 163.85 104.95 c
f #876a22 0.298039 m 2.05 190.4 q 1.05 189.8 0 189.55 l 0 200 q 0 210 10 210 l 19.1 210 q 19.1 209.8 19.2 209.65 q 19.3 209.35 19.4 209.1 q 19.4 208.55 19.4 208 q 19.4 207.7 19.35 207.45 q 19.3 207.15 19.25 206.9 q 19.2 206.35 19.2 205.8 q 19.5 205.5 19.75 205.25 q 20.05 204.95 20.3 204.65 q 20.5 204.4 20.7 204.15 q 20.85 203.85 21.05 203.6 q 21.15 203.3 21.25 203.05 q 21.3 202.8 21.4 202.5 q 21.7 202.25 22 202 q 22.3 201.7 22.65 201.4 q 22.95 201.15 23.25 200.85 q 23.35 200.6 23.45 200.35 q 23.6 200.05 23.8 199.75 q 23.9 199.5 23.95 199.2 q 24.05 198.95 24.15 198.65 q 24.25 198.4 24.35 198.1 q 24.35 197.85 24.35 197.55 q 24.35 197 24.3 196.45 q 24.25 195.9 24.15 195.35 q 24.05 194.8 23.95 194.25 q 24.8 194.1 25.6 193.9 q 26.45 193.7 27.25 193.55 q 27.65 193.35 27.95 193.15 q 28.35 192.9 28.7 192.65 q 28.9 192.35 29.1 192.1 q 29.25 191.8 29.4 191.5 q 29.55 191.25 29.65 191 q 29.8 190.7 30 190.45 q 31.1 189.9 32.15 189.25 q 32.85 188.8 33.5 188.25 q 33.55 187.95 33.7 187.7 q 33.85 187.4 34.05 187.15 q 34.1 186.85 34.15 186.6 q 34.2 186.3 34.2 186.05 q 34.55 185.75 34.9 185.45 q 35.2 185.2 35.5 184.95 q 36.05 184.65 36.55 184.35 q 37.25 183.85 37.8 183.25 q 38.3 182.75 38.8 182.2 q 39.25 182 39.7 181.85 q 39.9 181.75 40.05 181.65 q 40.35 181.45 40.6 181.3 q 40.8 181 40.95 180.75 q 41.15 180.45 41.3 180.15 q 41.45 179.9 41.55 179.65 q 41.9 179.1 42.25 178.55 q 43.15 178 43.95 177.3 q 44.9 176.5 45.9 175.8 q 46.55 175.55 47.2 175.25 q 47.45 175 47.7 174.7 q 47.9 174.45 48.15 174.2 q 48.4 173.9 48.65 173.6 q 49.1 173.35 49.55 173.05 q 49.95 172.8 50.3 172.5 q 50.5 172.25 50.65 171.95 q 50.75 171.7 50.8 171.4 q 50.85 171.15 50.85 170.85 q 51.05 170.6 51.25 170.35 q 51.5 170.05 51.75 169.75 q 52.2 169.6 52.65 169.35 q 52.85 169.2 53.05 169.05 q 53.3 168.75 53.6 168.5 q 53.95 168.2 54.3 167.95 q 54.5 167.65 54.7 167.4 q 55.05 167.1 55.4 166.8 q 55.7 166.55 55.95 166.3 q 56.35 166.1 56.7 165.95 q 57.05 165.75 57.45 165.55 q 57.7 165.3 58 165 q 58.35 164.85 58.7 164.7 q 59.25 164.45 59.8 164.3 q 60.1 164 60.35 163.75 q 60.9 163.45 61.45 163.15 q 61.9 162.9 62.35 162.65 q 62.65 162.35 62.9 162.1 q 63.85 161.8 64.75 161.55 q 65.1 161.25 65.5 161 q 65.65 160.7 65.85 160.45 q 66.05 160.15 66.25 159.9 q 66.5 159.6 66.75 159.3 q 66.95 159.05 67.1 158.8 q 67.2 158.5 67.3 158.25 q 67.4 157.95 67.5 157.7 q 67.4 157.7 67.3 157.7 q 67.2 157.7 67.1 157.7 q 67.05 157.7 66.95 157.75 q 66.75 157.8 66.6 157.9 q 66.2 158.15 65.85 158.45 q 65.55 158.7 65.3 159 q 64.85 159.25 64.4 159.55 q 63.65 159.7 62.9 159.9 q 62.55 160.1 62.2 160.25 q 61.9 160.55 61.65 160.8 q 61.2 161.1 60.7 161.35 q 59.7 161.9 58.7 162.45 q 58.45 162.75 58.15 163 q 57.9 163.3 57.6 163.55 q 57.15 163.85 56.7 164.1 q 56.45 164.35 56.15 164.65 q 55.8 164.9 55.45 165.2 q 55.15 165.45 54.85 165.75 q 54.5 165.95 54.15 166.1 q 53.95 166.2 53.75 166.3 q 53.7 166.5 53.6 166.65 q 53.5 166.95 53.4 167.2 q 53.05 167.4 52.7 167.6 q 52.4 167.75 52.1 167.9 q 51.75 168.1 51.4 168.3 q 50.95 168.5 50.5 168.65 q 49.2 168.65 47.95 168.75 q 47.3 168.75 46.65 168.85 q 45.45 169.75 44.4 170.85 q 43.55 171.8 42.6 172.7 q 40.55 174.65 37.85 175.6 q 37.25 175.7 36.6 175.8 q 36.15 175.9 35.7 176 q 35.4 176.1 35.1 176.15 q 34.85 176.35 34.6 176.55 q 34.3 176.8 34.05 177.1 q 33.85 177.35 33.65 177.6 q 33.4 177.9 33.1 178.2 q 32.45 178.45 31.85 178.75 q 31.3 178.8 30.75 178.9 q 29.8 179 28.9 179.1 q 28.45 179.3 28 179.45 q 27.65 179.75 27.25 180 q 25.6 180.35 23.95 180.75 q 23.4 181 22.85 181.3 q 22.6 181.55 22.3 181.85 q 22.05 182.1 21.75 182.4 q 21.7 182.65 21.55 182.9 q 21.4 183.2 21.3 183.5 q 21.25 183.75 21.25 184.05 q 20.6 184.6 19.9 185.05 q 18.85 185.7 17.75 186.25 q 17.5 186.5 17.2 186.8 q 16.95 187.05 16.65 187.3 q 16.4 187.6 16.1 187.85 q 15.65 188.15 15.15 188.4 q 14.75 188.6 14.3 188.8 q 12.7 188.95 11.15 189.15 q 10.9 189.25 10.6 189.35 q 10.15 189.5 9.7 189.7 q 9.35 190 8.95 190.25 q 8.6 190.5 8.25 190.8 q 6.6 191.25 4.95 191.7 q 4.5 191.6 4.05 191.55 q 3.05 191 2.05 190.4 c f #876a22 0.298039 m 20.7 98.45 q 20.4 98.45 20.15 98.55 q 19.65 98.75 19.2 99 q 18.5 99.35 17.75 99.75 q 16.55 99.8 15.4 99.95 q 14.55 100 13.75 100.1 q 13.45 100.3 13.15 100.45 q 12.55 100.75 11.9 101 q 11.65 101.3 11.35 101.55 q 11.1 101.85 10.8 102.1 q 10.35 102.4 9.9 102.7 q 9.5 102.95 9.15 103.2 q 8.7 103.5 8.25 103.75 q 7.95 104.05 7.8 104.35 q 7.7 104.6 7.7 104.85 q 7.6 105.15 7.55 105.4 q 7.5 105.65 7.5 105.85 q 7.3 105.9 7.15 105.95 q 6.15 106.4 5.15 106.85 q 4.75 107 4.45 107.2 q 3.4 107.75 2.55 108.5 q 2.1 108.7 1.65 108.85 q 1 109.05 0.4 109.25 q 0.15 109.3 0 109.35 l 0 124.4 q 0.1 124.15 0.25 123.9 q 0.4 123.6 0.55 123.3 q 0.65 123.05 0.75 122.75 q 0.75 122.5 0.8 122.25 q 0.85 121.95 0.85 121.7 q 0.85 121.4 0.75 121.15 q 1.5 120.6 2.2 120.05 q 3.05 119.5 3.85 118.95 q 4.05 118.65 4.2 118.35 q 4.3 118.1 4.4 117.85 q 4.75 117.55 5.15 117.35 q 5.7 117 6.25 116.75 q 6.5 116.45 6.8 116.2 q 7.65 115.45 8.25 114.55 q 8.8 113.7 9.35 112.9 q 9.7 112.6 10.05 112.35 q 10.25 112.1 10.45 111.8 q 10.7 111.55 11 111.25 q 11.1 111 11.2 110.7 q 11.35 110.45 11.55 110.15 q 11.65 109.9 11.7 109.6 q 11.8 109.35 11.9 109.05 q 12 108.8 12.1 108.5 q 12.15 108.25 12.25 107.95 q 12.45 107.7 12.6 107.4 q 12.6 107.3 12.65 107.2 q 12.7 107 12.8 106.85 q 12.85 106.65 12.95 106.45 q 12.95 106.4 13.05 106.4 q 13.55 106.15 14.1 105.95 q 14.2 105.85 14.3 105.8 q 14.55 105.6 14.85 105.4 q 15.65 105.2 16.45 105.05 q 16.95 104.5 17.35 103.95 q 18.05 103.1 18.7 102.35 q 19.4 101.6 19.4 100.65 q 19.6 100.35 19.75 100.1 q 19.95 99.8 20.15 99.55 q 20.3 99.3 20.45 99 q 20.6 98.75 20.7 98.45 c f #876a22 0.298039 m 67.3 47.05 q 67.2 47.15 67.1 47.2 q 67.05 47.25 66.95 47.3 q 66.75 47.35 66.55 47.4 q 66.2 47.55 65.85 47.65 q 65.55 47.7 65.3 47.8 q 63.65 49.05 61.85 50 q 60.25 50.85 59.1 52.2 q 58.55 52.45 58 52.8 q 57.6 53 57.35 53.35 q 57.15 53.55 57.05 53.85 q 56.95 54.1 56.9 54.4 q 56.8 54.65 56.75 54.95 q 56.7 55.2 56.7 55.5 q 56.95 55.75 57.25 56.05 q 57.9 56.1 58.55 56.2 q 59.25 55.75 59.95 55.2 q 60.55 54.75 61.1 54.2 q 61.65 53.65 62.2 53.1 q 62.65 52.85 63.1 52.55 q 63.55 52.3 64 52 q 64.2 51.75 64.4 51.45 q 64.55 51.2 64.75 50.9 q 64.95 50.65 65.15 50.4 q 65.4 50.1 65.65 49.8 q 65.75 49.55 65.85 49.25 q 65.95 49 66.05 48.7 q 66.3 48.45 66.55 48.15 q 67.05 47.9 67.3 47.5 q 67.4 47.35 67.3 47.05 c f #876a22 0.298039 m 67.5 12.15 q 67.2 12.25 66.95 12.3 q 66.2 12.4 65.5 12.5 q 65.3 12.5 65.1 12.55 q 64.65 12.6 64.2 12.65 q 63.75 12.7 63.3 12.7 q 62 13.05 60.75 13.5 q 59.65 13.9 58.55 14.4 q 57.05 15 55.4 15.25 q 55.15 15.45 54.9 15.65 q 54.5 15.9 54.15 16.15 q 52.75 16.8 51.35 17.35 q 49.55 18.1 47.7 18.6 q 46.25 18.95 44.8 19.45 q 44.55 19.65 44.3 19.85 q 44 20.1 43.75 20.4 q 43.55 20.65 43.35 20.9 q 43 21.2 42.65 21.5 q 42.35 21.75 42.05 22 q 41.8 22.3 41.5 22.55 q 40.25 22.65 38.95 22.75 q 37.25 22.3 35.45 22.55 q 34.4 22.7 33.3 22.95 q 31.65 23.35 30 23.65 q 29.55 23.95 29.1 24.2 q 28.8 24.5 28.55 24.75 q 28.3 24.95 28.1 25.2 q 27.95 25.15 27.8 25.15 q 27.8 25.2 27.75 25.25 q 27.7 25.3 27.65 25.35 q 27.5 25.4 27.4 25.45 q 27.05 25.55 26.7 25.7 q 26.45 25.75 26.15 25.9 q 25.8 26.05 25.45 26.2 q 25.15 26.5 24.9 26.75 q 24.85 26.75 24.8 26.8 q 24.45 26.85 24.15 26.95 q 23.8 27.15 23.45 27.35 q 23.05 27.55 22.75 27.8 q 22.5 27.8 22.3 27.85 q 21.85 28 21.45 28.2 q 20.6 28.4 19.75 28.6 q 18.95 28.8 18.1 28.95 q 17.75 29.15 17.4 29.35 q 17.1 29.6 16.85 29.9 q 16.55 30.15 16.3 30.45 q 16.1 30.7 15.95 31 q 15.85 31.25 15.75 31.55 q 14.9 32.05 14.1 32.6 q 13.05 33.25 12.3 34.15 q 11.6 34.9 11.35 35.9 l 11.35 35.9 q 10.7 36 10.05 36.1 q 9.6 36.35 9.15 36.65 q 8.9 36.9 8.6 37.2 q 8.35 37.45 8.05 37.75 q 7.5 37.95 6.95 38.1 q 6.7 38.2 6.4 38.3 q 6.05 38.45 5.7 38.65 q 5.4 38.95 5.15 39.2 q 4.85 39.5 4.6 39.75 q 4.3 40.05 4.05 40.3 q 3.75 40.6 3.5 40.85 q 2.95 41.15 2.4 41.45 q 2 41.65 1.65 41.95 q 0.8 42.15 0 42.45 l 0 63.6 q 0.6 63.3 1.25 62.95 q 2.2 62.45 3.05 61.75 q 3.6 61.35 4.05 60.8 q 4.4 60.5 4.75 60.25 q 4.95 59.95 5.15 59.7 q 5.4 59.4 5.7 59.15 q 5.95 58.85 6.25 58.6 q 6.6 58.3 6.95 58.05 q 7.15 57.75 7.35 57.5 q 7.5 57.2 7.7 56.95 q 7.9 56.65 8.1 56.4 q 8.35 56.1 8.6 55.8 q 8.8 55.55 8.95 55.3 q 9.35 55 9.75 54.8 q 10.8 54.2 11.9 53.65 q 12.35 53.4 12.8 53.1 q 13.25 52.85 13.75 52.55 q 13.85 52.4 13.95 52.3 q 14.35 52.05 14.85 51.8 q 15.1 51.55 15.35 51.25 q 15.45 51 15.6 50.75 q 15.75 50.45 15.9 50.15 q 16 49.9 16.1 49.65 q 16.2 49.35 16.25 49.05 q 16.3 48.8 16.35 48.55 q 16.4 48.25 16.45 48 q 16.85 47.8 17.2 47.6 q 17.95 47.15 18.6 46.6 q 19.1 46.15 19.6 45.6 q 19.75 45.05 19.95 44.5 q 20.05 44.25 20.1 43.95 q 20.2 43.4 20.3 42.85 q 20.3 42.6 20.3 42.3 q 20.75 42.05 21.25 41.75 q 21.7 41.5 22.15 41.2 q 22.5 40.95 22.85 40.65 q 23.05 40.4 23.25 40.1 q 23.35 39.85 23.45 39.6 q 23.7 39 23.8 38.35 q 23.85 38.3 23.95 38.25 q 24.25 38 24.5 37.75 q 26.15 37.85 27.8 37.85 q 28.35 37.85 28.9 37.7 q 29.2 37.65 29.45 37.55 q 29.75 37.4 30 37.2 q 30.35 36.9 30.7 36.6 q 31 36.35 31.3 36.1 q 31.35 35.8 31.5 35.55 q 31.65 35.25 31.8 35 q 31.9 34.75 32 34.45 q 32.45 34.2 32.9 33.9 q 33.3 33.65 33.65 33.35 q 33.95 33.1 34.15 32.75 q 34.3 32.55 34.4 32.25 q 34.75 32 35.15 31.75 q 35.65 31.45 36.2 31.15 q 36.75 30.9 37.3 30.6 q 37.75 30.35 38.25 30.05 q 38.5 29.8 38.75 29.5 q 38.95 29.25 39.15 28.95 q 39.35 28.7 39.5 28.4 q 40.6 28.35 41.7 28.25 q 42.45 28.25 43.15 28.2 q 43.65 28.15 44.1 28.05 q 44.35 27.85 44.65 27.7 q 45 27.4 45.35 27.1 q 45.65 26.85 45.9 26.6 q 46.2 26.3 46.45 26 q 46.65 25.75 46.85 25.5 q 47.2 25.2 47.55 24.95 q 48.2 24.75 48.85 24.6 q 49.3 24.5 49.75 24.4 q 50.05 24.2 50.3 24.05 q 50.85 23.85 51.4 23.65 q 51.65 23.5 51.95 23.35 q 52.6 23 53.25 22.75 q 53.6 22.45 53.95 22.2 q 54.3 21.95 54.7 21.65 q 55.35 21.4 55.95 21.1 q 56.35 20.85 56.7 20.55 q 56.95 20.3 57.25 20 q 57.8 19.8 58.35 19.65 q 58.6 19.55 58.9 19.45 q 59.1 19.25 59.25 19.1 q 59.55 18.8 59.85 18.55 q 60.15 18.25 60.55 18 q 60.9 17.7 61.25 17.45 q 61.45 17.15 61.65 16.9 q 61.9 16.6 62.2 16.35 q 62.45 16.05 62.75 15.8 q 63.3 15.55 63.8 15.25 q 64.3 15 64.75 14.7 q 65 14.45 65.3 14.2 q 65.65 13.9 66.05 13.65 q 66.5 13.35 66.95 13.1 q 67.6 12.8 68.2 12.5 q 68.05 12.25 67.85 11.95 q 67.75 12.05 67.65 12.1 q 67.6 12.15 67.5 12.15 c f #876a22 0.298039 m 183.05 170.85 q 182.95 170.85 182.9 170.9 q 182.25 171.15 181.65 171.5 q 180.2 172.35 178.65 173.05 q 178.4 173.35 178.1 173.6 q 177.2 174.15 176.3 174.75 q 174.6 175.9 172.8 176.9 q 172.55 177.15 172.25 177.45 q 171.7 178 171.25 178.6 q 170.8 179.1 170.45 179.65 q 170.45 179.9 170.4 180.2 q 170.35 180.45 170.25 180.75 q 169.9 181.3 169.45 181.8 q 168.7 182.65 167.9 183.5 q 166.8 184.6 165.7 185.7 q 165.3 185.85 164.95 186.05 q 164.4 186.05 163.85 186.05 q 163.6 186.05 163.3 186.05 q 162.85 186.25 162.4 186.45 q 162.3 186.5 162.2 186.55 q 161.75 186.8 161.3 186.95 q 160.95 187.25 160.55 187.5 q 160.1 187.8 159.65 188.05 q 159.1 188.6 158.55 189.15 q 157.65 189.95 156.65 190.7 q 155.7 191.4 155.65 192.45 q 155.15 192.55 154.7 192.55 q 154.55 192.55 154.35 192.45 q 154 192.35 153.6 192.25 q 152.9 192.25 152.15 192.25 q 151.8 192.35 151.45 192.45 q 151.25 192.55 151.05 192.65 q 150.85 192.8 150.7 193 q 150.4 193.25 150.25 193.6 q 150.15 193.8 150.15 194.1 q 150.05 194.35 150.05 194.65 q 150.05 194.9 150.1 195.2 q 150.15 195.45 150.2 195.75 q 150.25 196 150.35 196.3 q 150.15 196.55 150 196.85 q 149.85 197.1 149.8 197.4 q 149.7 197.65 149.5 197.85 q 149.25 198.1 148.85 198.3 q 147.4 198.4 145.95 198.45 q 144.75 198.45 143.75 199.05 q 143.2 199.6 142.65 200.1 q 142.1 200.65 141.65 201.3 q 141.35 201.75 141.2 202.3 q 140.75 202.7 140.25 202.7 q 138.45 202.75 136.8 203.4 q 136.45 203.6 136.05 203.8 q 135.8 204.05 135.5 204.35 q 135.25 204.6 134.95 204.9 q 134.85 205.15 134.75 205.4 q 134.4 206 134.05 206.5 q 133.7 207.05 133.3 207.6 q 133.25 207.9 133.2 208.2 q 133.15 208.45 133.1 208.7 q 133.05 209 133.05 209.25 q 133.05 209.55 133.15 209.8 q 133.15 209.9 133.15 210 l 151.95 210 q 152.05 209.7 152.15 209.45 q 152.25 209.2 152.25 208.9 q 152.25 208.65 152.2 208.35 q 152.15 208.1 152.15 207.8 q 152.25 207.55 152.35 207.25 q 152.45 207 152.5 206.7 q 152.6 206.45 152.7 206.15 q 153 205.9 153.25 205.6 q 153.8 205.35 154.35 205.05 q 154.8 204.8 155.25 204.5 q 155.45 204.25 155.65 203.95 q 155.8 203.7 155.95 203.4 q 156.1 203.15 156.2 202.85 q 156.25 202.6 156.3 202.3 q 156.35 202.05 156.35 201.75 q 156.35 201.5 156.3 201.25 q 156.25 200.95 156.2 200.65 q 156.1 200.4 155.95 200.15 q 155.8 199.85 155.75 199.55 q 155.7 199.3 155.8 199.05 q 156.1 198.75 156.35 198.5 q 156.65 198.2 156.9 197.95 q 157.55 197.75 158.2 197.55 q 158.35 197.45 158.55 197.4 q 158.75 197.2 158.9 197 q 159.2 196.75 159.45 196.45 q 159.75 196.2 160 195.9 q 160.1 195.65 160.2 195.35 q 160.3 195.1 160.4 194.8 q 160.95 194.25 161.5 193.75 q 162.35 193 162.95 192.1 q 163.65 191 164.2 189.9 q 164.3 189.6 164.4 189.35 q 164.5 189.05 164.6 188.8 q 164.75 188.5 164.9 188.2 q 165.05 187.95 165.15 187.7 q 165.3 187.4 165.5 187.15 q 165.85 186.85 166.25 186.6 q 166.7 186.05 167.2 185.55 q 167.8 184.95 168.45 184.4 q 168.5 184.1 168.6 183.85 q 168.7 183.55 168.8 183.3 q 169.05 183.05 169.35 182.75 q 169.9 182.55 170.4 182.35 q 170.55 182.3 170.6 182.2 q 170.9 181.75 171.2 181.3 q 171.65 180.75 172.1 180.2 q 172.65 179.65 173.2 179.1 q 173.8 178.8 174.45 178.55 q 174.85 178.25 175.2 178 q 175.65 177.7 176.1 177.45 q 176.55 177.15 177 176.9 q 177.3 176.65 177.55 176.35 q 178.5 175.8 179.4 175.25 q 180.2 174.7 181.05 174.15 q 181.5 173.6 181.9 173 q 182.25 172.5 182.5 171.95 q 182.8 171.4 183.05 170.85 c f #876a22 0.298039 m 187.9 165.95 q 187.65 166.5 187.45 167.05 q 187.45 167.3 187.55 167.55 q 187.65 167.85 187.8 168.1 q 188.25 168.3 188.75 168.5 q 189.2 168.3 189.55 168 q 189.75 167.85 189.8 167.55 q 189.9 167.3 190.05 167.05 q 190.2 166.75 190.35 166.45 q 190.45 166.2 190.5 165.9 q 190.55 165.65 190.55 165.4 q 190.45 165.1 190.3 164.9 q 190 164.55 189.65 164.3 q 189.55 164.35 189.45 164.45 q 189 164.65 188.65 164.95 q 188.2 165.4 187.9 165.95 c f #876a22 0.298039 m 195 58.95 l 194.95 59 q 194.4 58.85 193.85 58.75 l 193.85 58.85 q 193.2 58.95 192.55 59 q 191.95 59.05 191.3 59.15 q 190.85 59.3 190.4 59.55 q 188.75 60.5 187.3 61.75 q 186.5 62.4 186 63.35 q 185.9 63.6 185.8 63.9 q 185.75 64 185.7 64.1 q 185.45 64.15 185.25 64.25 q 185 64.55 184.7 64.8 q 184.45 65.1 184.15 65.35 q 183.8 65.55 183.4 65.7 q 183.05 65.9 182.7 66.1 q 182.35 66.35 181.95 66.65 q 181.8 66.9 181.65 67.2 q 181.5 67.45 181.4 67.75 q 181.4 68 181.35 68.25 q 181.3 68.55 181.3 68.85 q 181.3 69.1 181.4 69.4 q 181.4 69.65 181.3 69.7 q 180.3 70.1 179.2 70.3 q 178.65 70.4 178.15 70.5 q 177.95 70.55 177.75 70.65 q 177.5 70.85 177.2 71.05 q 176.35 71.75 175.7 72.65 q 175.45 72.95 175.25 73.25 q 174.9 73.75 174.65 74.3 q 174.65 74.6 174.6 74.85 q 174.55 75.15 174.55 75.4 q 174.55 75.7 174.65 75.95 q 174.75 76.25 174.65 76.4 q 174.45 76.7 174.1 76.9 q 173.9 76.95 173.75 77.05 q 173.55 77.25 173.35 77.4 q 173.1 77.7 172.8 77.95 q 172.35 78.15 171.9 78.35 q 171.7 78.45 171.55 78.5 q 171.35 78.7 171.15 78.85 q 170.8 79.15 170.45 79.45 q 170.05 79.7 169.7 80 q 169.55 80.25 169.35 80.55 q 168.45 81 167.55 81.5 q 166.8 81.9 166.15 82.45 q 165.6 82.9 165.15 83.45 q 165.05 83.75 164.95 84 q 164.75 84.55 164.6 85.1 q 164.5 85.4 164.4 85.65 q 164.3 85.95 164.2 86.2 q 164.15 86.5 164.05 86.75 q 163.75 86.75 163.5 86.75 q 162.65 86.65 161.85 86.65 q 161.55 86.65 161.3 86.75 q 161.1 86.95 160.95 87.1 q 160.65 87.4 160.4 87.7 q 160.2 87.95 160 88.2 q 159.55 88.5 159.1 88.75 q 158.55 89.05 158 89.3 q 157.35 89.6 156.75 89.85 q 156.35 90.4 155.9 90.85 q 154.25 92.55 152.35 94 q 151.15 94.85 150.5 95.9 q 151.75 95.8 152.7 94.8 q 153 94.5 153.25 94.25 q 153.8 93.7 154.35 93.15 q 155 92.9 155.65 92.6 q 155.9 92.5 156.2 92.4 q 156.75 92.25 157.25 92 q 157.65 91.85 158 91.7 q 158.3 91.4 158.55 91.15 q 159.2 90.85 159.85 90.55 q 160.4 90.3 160.9 90 q 161.4 89.75 161.85 89.5 q 162.5 89.5 163.15 89.5 q 164.4 89.5 165.7 89.5 q 165.95 89.2 166.2 88.9 q 166.4 88.65 166.6 88.4 q 166.95 88.1 167.25 87.8 q 167.4 87.55 167.5 87.3 q 167.6 87 167.75 86.75 q 167.9 86.5 168.1 86.2 q 168.35 85.95 168.6 85.65 q 169.15 85.45 169.7 85.3 q 170.05 85.2 170.45 85.1 q 170.7 84.9 171 84.75 q 171.45 84.55 171.9 84.35 q 172.1 84.3 172.25 84.2 q 172.45 84 172.6 83.8 q 172.8 83.55 173 83.3 q 175.4 81.55 177.8 79.8 q 178.75 79.05 179.75 78.35 q 180.85 78.35 181.95 78.35 q 182.7 78.35 183.4 78.35 q 183.8 78.45 184.15 78.5 q 184.6 78.6 185.05 78.7 q 185.55 78.6 185.95 78.5 q 186.15 78.45 186.35 78.35 q 186.6 78.15 186.9 77.95 q 187.1 77.7 187.25 77.4 q 187.35 77.15 187.45 76.9 q 187.5 76.75 187.55 76.6 q 188.1 76.75 188.75 76.9 q 189.35 76.8 190 76.65 q 190.2 76.6 190.4 76.55 q 191.1 76.35 191.85 76.15 q 192.4 75.85 192.9 75.55 q 193.3 75.3 193.65 75.05 q 193.85 74.75 194.05 74.5 q 194.5 74.2 194.95 73.95 q 194.95 73.9 195 73.9 l 195 58.95 c f #876a22 0.298039 m 195 48.2 q 194.95 48.25 194.95 48.35 q 194.85 49.15 194.8 50 q 194.75 51.1 194.7 52.2 q 194.65 53.05 194.9 53.85 q 194.95 54 195 54.25 l 195 48.2 c f #876a22 0.298039 m 191.45 16 q 191.85 15.8 192.2 15.6 q 192.65 15.35 193.1 15.05 q 193.5 14.8 193.85 14.5 q 194.05 14.25 194.2 13.95 q 194.4 13.7 194.6 13.4 q 194.75 13.15 194.95 12.85 q 194.95 12.75 195 12.7 l 195 10 q 195 0 185 0 l 175.05 0 q 175 0 175 0.05 q 174.9 0.35 174.85 0.6 q 174.75 0.9 174.65 1.15 q 174.55 1.45 174.5 1.75 q 174.45 2 174.4 2.25 q 174.35 2.55 174.3 2.8 q 174.35 3.1 174.4 3.35 q 174.45 3.65 174.5 3.9 q 174.55 4.2 174.65 4.45 q 174.75 4.75 174.85 5 q 174.9 5.3 175 5.55 q 175.1 5.85 175.2 6.1 q 174.45 6.85 173.8 7.7 q 173.35 8.3 172.8 8.85 q 172.55 9.15 172.3 9.4 q 172.1 9.65 171.9 9.95 q 171.7 10.2 171.55 10.5 q 171.45 10.75 171.35 11.05 q 171.25 11.3 171.15 11.6 q 171.1 11.85 171 12.15 q 170.7 12.4 170.45 12.7 q 170.15 12.95 169.9 13.25 q 169.7 13.5 169.55 13.8 q 169.35 14.35 169.2 14.9 q 169.05 15.45 168.95 16 q 168.9 16.25 168.8 16.55 q 168.7 16.8 168.65 17.1 q 168.6 17.35 168.55 17.6 q 168.5 17.9 168.45 18.2 q 168.25 18.45 168.05 18.75 q 167.9 19 167.7 19.25 q 167.5 19.55 167.35 19.8 q 167.15 20.1 167 20.4 q 166.85 20.65 166.8 20.9 q 166.5 21.2 166.25 21.45 q 165.7 22 165.15 22.6 q 164.95 22.85 164.75 23.1 q 164.6 23.4 164.4 23.65 q 164.2 23.95 164.1 24.25 q 163.95 24.5 163.85 24.75 q 163.85 25.05 163.85 25.3 q 163.85 25.6 163.85 25.85 q 163.65 26.15 163.45 26.4 q 163.2 26.7 162.9 26.95 q 162.65 27.15 162.4 27.3 q 161.65 27.3 160.95 27.3 q 160.55 27.3 160.2 27.35 q 159.3 27.5 158.35 27.7 q 157.45 28.25 156.6 28.85 q 156.25 29.05 156 29.35 q 155.8 29.6 155.6 29.85 q 155.35 30.15 155.1 30.45 q 154.8 30.7 154.55 31 q 153.55 31.25 152.55 31.6 q 151.95 31.8 151.45 32.1 q 151.05 32.35 150.7 32.6 q 150.5 32.9 150.3 33.15 q 150.05 33.45 149.85 33.75 q 149.7 34 149.6 34.25 q 149.5 34.55 149.4 34.8 q 149.3 35.1 149.25 35.35 q 149.15 35.65 149.05 35.9 q 148.85 36.2 148.65 36.45 q 148.4 36.75 148.15 37 q 147.85 37.3 147.6 37.55 q 147.15 37.75 146.7 37.95 q 146.3 38.1 145.95 38.3 q 145.55 38.55 145.2 38.85 q 144.95 39.1 144.7 39.4 q 144.45 39.65 144.3 39.95 q 144.2 40.2 144.15 40.5 q 144.1 40.75 144 41 q 143.95 41.2 143.75 41.4 q 143.2 41.5 142.65 41.6 q 142.1 41.65 141.55 41.75 q 141.2 41.95 140.85 42.15 q 140.45 42.4 140.1 42.7 q 139.8 42.95 139.6 43.25 q 139.45 43.5 139.35 43.8 q 139.25 44.05 139.2 44.35 q 139.15 44.6 139.15 44.85 q 139.1 45.15 139 45.4 q 139.1 45.7 139.15 46 q 139.15 46.25 139.15 46.5 q 139.15 46.8 139.15 47.05 q 139.15 47.35 139.15 47.6 q 139.1 47.9 139 48.15 q 138.9 48.45 138.75 48.7 q 138.6 49 138.45 49.25 q 138 49.45 137.55 49.65 q 137 49.7 136.45 49.8 q 136.05 50 135.7 50.2 q 135.35 50.45 135 50.75 q 134.7 51 134.5 51.3 q 134.35 51.55 134.25 51.8 q 134.15 52.1 134.1 52.4 q 134.05 52.65 134 52.9 q 133.95 53.2 133.95 53.45 q 133.95 53.75 134.05 54 q 134.05 54.3 134.15 54.55 q 134.25 54.85 134.4 55.15 q 134.5 55.4 134.6 55.65 q 134.6 55.95 134.45 56.1 q 134.25 56.4 133.85 56.6 q 133.4 56.65 132.95 56.75 q 132.7 56.95 132.45 57.15 q 132.15 57.4 131.85 57.65 q 131.6 57.95 131.3 58.2 q 130.75 58.4 130.2 58.6 q 129.55 58.75 128.95 58.95 q 128.55 59.25 128.2 59.5 q 127.85 59.8 127.5 60.05 q 127.2 60.35 126.9 60.6 q 126.65 60.85 126.35 61.15 q 126.35 61.4 126.35 61.7 q 126.3 61.95 126.2 62.25 q 126 62.5 125.85 62.8 q 125.75 63.05 125.6 63.35 q 125.45 63.6 125.25 63.9 q 125.1 64.15 124.9 64.4 q 124.65 64.7 124.4 65 q 124.2 65.25 124 65.55 q 124 65.8 123.95 66.1 q 123.9 66.35 123.85 66.65 q 123.8 66.9 123.8 67.2 q 123.65 67.45 123.5 67.75 q 123.35 68 123.25 68.3 q 123.15 68.55 123.1 68.85 q 123.1 69.1 123.15 69.35 q 123.25 69.55 123.45 69.75 q 123.7 69.75 124 69.7 q 124.7 69.55 125.45 69.4 q 126 69.1 126.55 68.85 q 126.85 68.55 127.05 68.25 q 127.3 68 127.45 67.75 q 127.85 67.45 128.2 67.2 q 128.4 66.9 128.55 66.65 q 128.95 66.35 129.3 66.1 q 129.75 65.8 130.2 65.55 q 130.5 65.25 130.8 65 q 131.1 64.7 131.5 64.45 q 132.3 64.25 133.15 64.05 q 133.8 63.9 134.4 63.7 q 134.8 63.45 135.15 63.15 q 135.25 62.9 135.35 62.65 q 135.5 62.35 135.7 62.05 q 136.6 61.9 137.5 61.65 q 138.05 61.5 138.6 61.35 q 139 61.05 139.35 60.8 q 139.7 60.5 140.1 60.25 q 140.55 59.95 141 59.7 q 141.25 59.4 141.55 59.15 q 141.8 58.85 142.1 58.6 q 142.9 58.5 143.75 58.4 q 144.1 58.2 144.45 58 q 144.85 57.75 145.2 57.5 q 145.4 57.2 145.6 56.95 q 145.85 56.65 146.15 56.4 q 146.5 56.1 146.85 55.85 q 147.3 55.75 147.75 55.7 q 148.15 55.65 148.5 55.65 q 149.25 55.5 149.95 55.3 q 150.4 55 150.85 54.75 q 151.15 54.45 151.4 54.2 q 151.5 53.95 151.65 53.65 q 151.8 53.4 151.95 53.1 q 152.05 52.85 152.1 52.55 q 152.15 52.3 152.15 52 q 152.15 51.75 152.3 51.6 q 152.6 51.25 153.05 51.05 q 153.45 50.9 153.8 50.7 q 154.15 50.45 154.55 50.2 q 154.7 49.9 154.9 49.65 q 155.25 49.45 155.65 49.25 q 156.55 49.1 157.45 48.9 q 158 48.6 158.55 48.3 q 158.9 48.05 159.3 47.8 q 160 47.6 160.75 47.45 q 160.95 47.35 161.1 47.25 q 161.5 47.05 161.85 46.85 q 162.2 46.6 162.6 46.35 q 162.75 46.05 162.95 45.8 q 163.15 45.5 163.25 45.2 q 163.4 44.95 163.5 44.7 q 163.95 44.5 164.4 44.35 q 164.75 44.25 165.15 44.15 q 165.5 43.95 165.85 43.75 q 166.25 43.5 166.6 43.25 q 166.95 42.95 167.35 42.7 q 167.5 42.4 167.7 42.1 q 168.2 41.2 169 40.5 q 169.6 39.95 170.2 39.35 q 170.45 39.1 170.6 38.85 q 170.8 38.55 171 38.3 q 171.15 38 171.35 37.75 q 171.45 37.45 171.55 37.2 q 171.65 36.9 171.7 36.65 q 171.9 36.35 172.1 36.1 q 173.35 35.45 174.2 34.4 q 174.55 33.9 174.85 33.35 q 175 33.1 175.15 32.8 q 175.3 32.55 175.4 32.3 q 175.55 32 175.75 31.7 q 176.55 31.15 177.35 30.55 q 177.95 30.05 178.45 29.5 q 178.65 29.25 178.85 28.95 q 179.05 28.7 179.2 28.4 q 179.3 28.15 179.4 27.85 q 179.65 27.6 179.95 27.35 q 180.3 27.05 180.7 26.75 q 180.85 26.5 181.05 26.25 q 181.3 25.95 181.55 25.65 q 181.8 25.4 181.95 25.15 q 182.4 25.05 182.9 24.95 q 183.6 24.85 184.35 24.75 q 185.75 24.3 186.85 23.25 q 187.35 22.75 187.75 22.15 q 187.9 21.95 188.05 21.65 q 188.2 21.4 188.3 21.1 q 188.45 20.85 188.55 20.55 q 188.65 20.3 188.7 20 q 188.75 19.75 188.75 19.45 q 188.75 19.2 188.75 18.9 q 188.8 18.65 188.9 18.35 q 188.8 18.1 188.75 17.8 q 188.75 17.55 188.7 17.25 q 188.65 17 188.55 16.7 q 189 16.55 189.45 16.35 q 190.2 16.25 190.9 16.1 q 191.2 16.05 191.45 16 c
f #2b492c 0.298039 m 107 -164.95 q 107 -174.95 97 -174.95 l -78 -174.95 q -88 -174.95 -88 -164.95 l -88 25.05 q -88 35.05 -78 35.05 l 97 35.05 q 107 35.05 107 25.05 l 107 -164.95 c f 0 0 s 0.1 #333 0.498039 m -78 -174.95 l 97 -174.95 q 107 -174.95 107 -164.95 l 107 25.05 q 107 35.05 97 35.05 l -78 35.05 q -88 35.05 -88 25.05 l -88 -164.95 q -88 -174.95 -78 -174.95
f #282828 0.94902 m 322 -164.95 q 322 -174.95 312 -174.95 l -78 -174.95 q -88 -174.95 -88 -164.95 l -88 25.05 q -88 35.05 -78 35.05 l 312 35.05 q 322 35.05 322 25.05 l 322 -164.95 c
f #282828 0.8 m 322 -164.95 q 322 -174.95 312 -174.95 l -78 -174.95 q -88 -174.95 -88 -164.95 l -88 25.05 q -88 35.05 -78 35.05 l 312 35.05 q 322 35.05 322 25.05 l 322 -164.95 c f 0 0 s 0.1 #333 0.498039 m -78 -174.95 l 312 -174.95 q 322 -174.95 322 -164.95 l 322 25.05 q 322 35.05 312 35.05 l -78 35.05 q -88 35.05 -88 25.05 l -88 -164.95 q -88 -174.95 -78 -174.95
f #8da3a4 0.298039 m 2.05 190.4 q 1.05 189.8 0 189.55 l 0 200 q 0 210 10 210 l 19.1 210 q 19.1 209.8 19.2 209.65 q 19.3 209.35 19.4 209.1 q 19.4 208.55 19.4 208 q 19.4 207.7 19.35 207.45 q 19.3 207.15 19.25 206.9 q 19.2 206.35 19.2 205.8 q 19.5 205.5 19.75 205.25 q 20.05 204.95 20.3 204.65 q 20.5 204.4 20.7 204.15 q 20.85 203.85 21.05 203.6 q 21.15 203.3 21.25 203.05 q 21.3 202.8 21.4 202.5 q 21.7 202.25 22 202 q 22.3 201.7 22.65 201.4 q 22.95 201.15 23.25 200.85 q 23.35 200.6 23.45 200.35 q 23.6 200.05 23.8 199.75 q 23.9 199.5 23.95 199.2 q 24.05 198.95 24.15 198.65 q 24.25 198.4 24.35 198.1 q 24.35 197.85 24.35 197.55 q 24.35 197 24.3 196.45 q 24.25 195.9 24.15 195.35 q 24.05 194.8 23.95 194.25 q 24.8 194.1 25.6 193.9 q 26.45 193.7 27.25 193.55 q 27.65 193.35 27.95 193.15 q 28.35 192.9 28.7 192.65 q 28.9 192.35 29.1 192.1 q 29.25 191.8 29.4 191.5 q 29.55 191.25 29.65 191 q 29.8 190.7 30 190.45 q 31.1 189.9 32.15 189.25 q 32.85 188.8 33.5 188.25 q 33.55 187.95 33.7 187.7 q 33.85 187.4 34.05 187.15 q 34.1 186.85 34.15 186.6 q 34.2 186.3 34.2 186.05 q 34.55 185.75 34.9 185.45 q 35.2 185.2 35.5 184.95 q 36.05 184.65 36.55 184.35 q 37.25 183.85 37.8 183.25 q 38.3 182.75 38.8 182.2 q 39.25 182 39.7 181.85 q 39.9 181.75 40.05 181.65 q 40.35 181.45 40.6 181.3 q 40.8 181 40.95 180.75 q 41.15 180.45 41.3 180.15 q 41.45 179.9 41.55 179.65 q 41.9 179.1 42.25 178.55 q 43.15 178 43.95 177.3 q 44.9 176.5 45.9 175.8 q 46.55 175.55 47.2 175.25 q 47.45 175 47.7 174.7 q 47.9 174.45 48.15 174.2 q 48.4 173.9 48.65 173.6 q 49.1 173.35 49.55 173.05 q 49.95 172.8 50.3 172.5 q 50.5 172.25 50.65 171.95 q 50.75 171.7 50.8 171.4 q 50.85 171.15 50.85 170.85 q 51.05 170.6 51.25 170.35 q 51.5 170.05 51.75 169.75 q 52.2 169.6 52.65 169.35 q 52.85 169.2 53.05 169.05 q 53.3 168.75 53.6 168.5 q 53.95 168.2 54.3 167.95 q 54.5 167.65 54.7 167.4 q 55.05 167.1 55.4 166.8 q 55.7 166.55 55.95 166.3 q 56.35 166.1 56.7 165.95 q 57.05 165.75 57.45 165.55 q 57.7 165.3 58 165 q 58.35 164.85 58.7 164.7 q 59.25 164.45 59.8 164.3 q 60.1 164 60.35 163.75 q 60.9 163.45 61.45 163.15 q 61.9 162.9 62.35 162.65 q 62.65 162.35 62.9 162.1 q 63.85 161.8 64.75 161.55 q 65.1 161.25 65.5 161 q 65.65 160.7 65.85 160.45 q 66.05 160.15 66.25 159.9 q 66.5 159.6 66.75 159.3 q 66.95 159.05 67.1 158.8 q 67.2 158.5 67.3 158.25 q 67.4 157.95 67.5 157.7 q 67.4 157.7 67.3 157.7 q 67.2 157.7 67.1 157.7 q 67.05 157.7 66.95 157.75 q 66.75 157.8 66.6 157.9 q 66.2 158.15 65.85 158.45 q 65.55 158.7 65.3 159 q 64.85 159.25 64.4 159.55 q 63.65 159.7 62.9 159.9 q 62.55 160.1 62.2 160.25 q 61.9 160.55 61.65 160.8 q 61.2 161.1 60.7 161.35 q 59.7 161.9 58.7 162.45 q 58.45 162.75 58.15 163 q 57.9 163.3 57.6 163.55 q 57.15 163.85 56.7 164.1 q 56.45 164.35 56.15 164.65 q 55.8 164.9 55.45 165.2 q 55.15 165.45 54.85 165.75 q 54.5 165.95 54.15 166.1 q 53.95 166.2 53.75 166.3 q 53.7 166.5 53.6 166.65 q 53.5 166.95 53.4 167.2 q 53.05 167.4 52.7 167.6 q 52.4 167.75 52.1 167.9 q 51.75 168.1 51.4 168.3 q 50.95 168.5 50.5 168.65 q 49.2 168.65 47.95 168.75 q 47.3 168.75 46.65 168.85 q 45.45 169.75 44.4 170.85 q 43.55 171.8 42.6 172.7 q 40.55 174.65 37.85 175.6 q 37.25 175.7 36.6 175.8 q 36.15 175.9 35.7 176 q 35.4 176.1 35.1 176.15 q 34.85 176.35 34.6 176.55 q 34.3 176.8 34.05 177.1 q 33.85 177.35 33.65 177.6 q 33.4 177.9 33.1 178.2 q 32.45 178.45 31.85 178.75 q 31.3 178.8 30.75 178.9 q 29.8 179 28.9 179.1 q 28.45 179.3 28 179.45 q 27.65 179.75 27.25 180 q 25.6 180.35 23.95 180.75 q 23.4 181 22.85 181.3 q 22.6 181.55 22.3 181.85 q 22.05 182.1 21.75 182.4 q 21.7 182.65 21.55 182.9 q 21.4 183.2 21.3 183.5 q 21.25 183.75 21.25 184.05 q 20.6 184.6 19.9 185.05 q 18.85 185.7 17.75 186.25 q 17.5 186.5 17.2 186.8 q 16.95 187.05 16.65 187.3 q 16.4 187.6 16.1 187.85 q 15.65 188.15 15.15 188.4 q 14.75 188.6 14.3 188.8 q 12.7 188.95 11.15 189.15 q 10.9 189.25 10.6 189.35 q 10.15 189.5 9.7 189.7 q 9.35 190 8.95 190.25 q 8.6 190.5 8.25 190.8 q 6.6 191.25 4.95 191.7 q 4.5 191.6 4.05 191.55 q 3.05 191 2.05 190.4 c f #8da3a4 0.298039 m 20.7 98.45 q 20.4 98.45 20.15 98.55 q 19.65 98.75 19.2 99 q 18.5 99.35 17.75 99.75 q 16.55 99.8 15.4 99.95 q 14.55 100 13.75 100.1 q 13.45 100.3 13.15 100.45 q 12.55 100.75 11.9 101 q 11.65 101.3 11.35 101.55 q 11.1 101.85 10.8 102.1 q 10.35 102.4 9.9 102.7 q 9.5 102.95 9.15 103.2 q 8.7 103.5 8.25 103.75 q 7.95 104.05 7.8 104.35 q 7.7 104.6 7.7 104.85 q 7.6 105.15 7.55 105.4 q 7.5 105.65 7.5 105.85 q 7.3 105.9 7.15 105.95 q 6.15 106.4 5.15 106.85 q 4.75 107 4.45 107.2 q 3.4 107.75 2.55 108.5 q 2.1 108.7 1.65 108.85 q 1 109.05 0.4 109.25 q 0.15 109.3 0 109.35 l 0 124.4 q 0.1 124.15 0.25 123.9 q 0.4 123.6 0.55 123.3 q 0.65 123.05 0.75 122.75 q 0.75 122.5 0.8 122.25 q 0.85 121.95 0.85 121.7 q 0.85 121.4 0.75 121.15 q 1.5 120.6 2.2 120.05 q 3.05 119.5 3.85 118.95 q 4.05 118.65 4.2 118.35 q 4.3 118.1 4.4 117.85 q 4.75 117.55 5.15 117.35 q 5.7 117 6.25 116.75 q 6.5 116.45 6.8 116.2 q 7.65 115.45 8.25 114.55 q 8.8 113.7 9.35 112.9 q 9.7 112.6 10.05 112.35 q 10.25 112.1 10.45 111.8 q 10.7 111.55 11 111.25 q 11.1 111 11.2 110.7 q 11.35 110.45 11.55 110.15 q 11.65 109.9 11.7 109.6 q 11.8 109.35 11.9 109.05 q 12 108.8 12.1 108.5 q 12.15 108.25 12.25 107.95 q 12.45 107.7 12.6 107.4 q 12.6 107.3 12.65 107.2 q 12.7 107 12.8 106.85 q 12.85 106.65 12.95 106.45 q 12.95 106.4 13.05 106.4 q 13.55 106.15 14.1 105.95 q 14.2 105.85 14.3 105.8 q 14.55 105.6 14.85 105.4 q 15.65 105.2 16.45 105.05 q 16.95 104.5 17.35 103.95 q 18.05 103.1 18.7 102.35 q 19.4 101.6 19.4 100.65 q 19.6 100.35 19.75 100.1 q 19.95 99.8 20.15 99.55 q 20.3 99.3 20.45 99 q 20.6 98.75 20.7 98.45 c f #8da3a4 0.298039 m 67.3 47.05 q 67.2 47.15 67.1 47.2 q 67.05 47.25 66.95 47.3 q 66.75 47.35 66.55 47.4 q 66.2 47.55 65.85 47.65 q 65.55 47.7 65.3 47.8 q 63.65 49.05 61.85 50 q 60.25 50.85 59.1 52.2 q 58.55 52.45 58 52.8 q 57.6 53 57.35 53.35 q 57.15 53.55 57.05 53.85 q 56.95 54.1 56.9 54.4 q 56.8 54.65 56.75 54.95 q 56.7 55.2 56.7 55.5 q 56.95 55.75 57.25 56.05 q 57.9 56.1 58.55 56.2 q 59.25 55.75 59.95 55.2 q 60.55 54.75 61.1 54.2 q 61.65 53.65 62.2 53.1 q 62.65 52.85 63.1 52.55 q 63.55 52.3 64 52 q 64.2 51.75 64.4 51.45 q 64.55 51.2 64.75 50.9 q 64.95 50.65 65.15 50.4 q 65.4 50.1 65.65 49.8 q 65.75 49.55 65.85 49.25 q 65.95 49 66.05 48.7 q 66.3 48.45 66.55 48.15 q 67.05 47.9 67.3 47.5 q 67.4 47.35 67.3 47.05 c f #8da3a4 0.298039 m 67.5 12.15 q 67.2 12.25 66.95 12.3 q 66.2 12.4 65.5 12.5 q 65.3 12.5 65.1 12.55 q 64.65 12.6 64.2 12.65 q 63.75 12.7 63.3 12.7 q 62 13.05 60.75 13.5 q 59.65 13.9 58.55 14.4 q 57.05 15 55.4 15.25 q 55.15 15.45 54.9 15.65 q 54.5 15.9 54.15 16.15 q 52.75 16.8 51.35 17.35 q 49.55 18.1 47.7 18.6 q 46.25 18.95 44.8 19.45 q 44.55 19.65 44.3 19.85 q 44 20.1 43.75 20.4 q 43.55 20.65 43.35 20.9 q 43 21.2 42.65 21.5 q 42.35 21.75 42.05 22 q 41.8 22.3 41.5 22.55 q 40.25 22.65 38.95 22.75 q 37.25 22.3 35.45 22.55 q 34.4 22.7 33.3 22.95 q 31.65 23.35 30 23.65 q 29.55 23.95 29.1 24.2 q 28.8 24.5 28.55 24.75 q 28.3 24.95 28.1 25.2 q 27.95 25.15 27.8 25.15 q 27.8 25.2 27.75 25.25 q 27.7 25.3 27.65 25.35 q 27.5 25.4 27.4 25.45 q 27.05 25.55 26.7 25.7 q 26.45 25.75 26.15 25.9 q 25.8 26.05 25.45 26.2 q 25.15 26.5 24.9 26.75 q 24.85 26.75 24.8 26.8 q 24.45 26.85 24.15 26.95 q 23.8 27.15 23.45 27.35 q 23.05 27.55 22.75 27.8 q 22.5 27.8 22.3 27.85 q 21.85 28 21.45 28.2 q 20.6 28.4 19.75 28.6 q 18.95 28.8 18.1 28.95 q 17.75 29.15 17.4 29.35 q 17.1 29.6 16.85 29.9 q 16.55 30.15 16.3 30.45 q 16.1 30.7 15.95 31 q 15.85 31.25 15.75 31.55 q 14.9 32.05 14.1 32.6 q 13.05 33.25 12.3 34.15 q 11.6 34.9 11.35 35.9 l 11.35 35.9 q 10.7 36 10.05 36.1 q 9.6 36.35 9.15 36.65 q 8.9 36.9 8.6 37.2 q 8.35 37.45 8.05 37.75 q 7.5 37.95 6.95 38.1 q 6.7 38.2 6.4 38.3 q 6.05 38.45 5.7 38.65 q 5.4 38.95 5.15 39.2 q 4.85 39.5 4.6 39.75 q 4.3 40.05 4.05 40.3 q 3.75 40.6 3.5 40.85 q 2.95 41.15 2.4 41.45 q 2 41.65 1.65 41.95 q 0.8 42.15 0 42.45 l 0 63.6 q 0.6 63.3 1.25 62.95 q 2.2 62.45 3.05 61.75 q 3.6 61.35 4.05 60.8 q 4.4 60.5 4.75 60.25 q 4.95 59.95 5.15 59.7 q 5.4 59.4 5.7 59.15 q 5.95 58.85 6.25 58.6 q 6.6 58.3 6.95 58.05 q 7.15 57.75 7.35 57.5 q 7.5 57.2 7.7 56.95 q 7.9 56.65 8.1 56.4 q 8.35 56.1 8.6 55.8 q 8.8 55.55 8.95 55.3 q 9.35 55 9.75 54.8 q 10.8 54.2 11.9 53.65 q 12.35 53.4 12.8 53.1 q 13.25 52.85 13.75 52.55 q 13.85 52.4 13.95 52.3 q 14.35 52.05 14.85 51.8 q 15.1 51.55 15.35 51.25 q 15.45 51 15.6 50.75 q 15.75 50.45 15.9 50.15 q 16 49.9 16.1 49.65 q 16.2 49.35 16.25 49.05 q 16.3 48.8 16.35 48.55 q 16.4 48.25 16.45 48 q 16.85 47.8 17.2 47.6 q 17.95 47.15 18.6 46.6 q 19.1 46.15 19.6 45.6 q 19.75 45.05 19.95 44.5 q 20.05 44.25 20.1 43.95 q 20.2 43.4 20.3 42.85 q 20.3 42.6 20.3 42.3 q 20.75 42.05 21.25 41.75 q 21.7 41.5 22.15 41.2 q 22.5 40.95 22.85 40.65 q 23.05 40.4 23.25 40.1 q 23.35 39.85 23.45 39.6 q 23.7 39 23.8 38.35 q 23.85 38.3 23.95 38.25 q 24.25 38 24.5 37.75 q 26.15 37.85 27.8 37.85 q 28.35 37.85 28.9 37.7 q 29.2 37.65 29.45 37.55 q 29.75 37.4 30 37.2 q 30.35 36.9 30.7 36.6 q 31 36.35 31.3 36.1 q 31.35 35.8 31.5 35.55 q 31.65 35.25 31.8 35 q 31.9 34.75 32 34.45 q 32.45 34.2 32.9 33.9 q 33.3 33.65 33.65 33.35 q 33.95 33.1 34.15 32.75 q 34.3 32.55 34.4 32.25 q 34.75 32 35.15 31.75 q 35.65 31.45 36.2 31.15 q 36.75 30.9 37.3 30.6 q 37.75 30.35 38.25 30.05 q 38.5 29.8 38.75 29.5 q 38.95 29.25 39.15 28.95 q 39.35 28.7 39.5 28.4 q 40.6 28.35 41.7 28.25 q 42.45 28.25 43.15 28.2 q 43.65 28.15 44.1 28.05 q 44.35 27.85 44.65 27.7 q 45 27.4 45.35 27.1 q 45.65 26.85 45.9 26.6 q 46.2 26.3 46.45 26 q 46.65 25.75 46.85 25.5 q 47.2 25.2 47.55 24.95 q 48.2 24.75 48.85 24.6 q 49.3 24.5 49.75 24.4 q 50.05 24.2 50.3 24.05 q 50.85 23.85 51.4 23.65 q 51.65 23.5 51.95 23.35 q 52.6 23 53.25 22.75 q 53.6 22.45 53.95 22.2 q 54.3 21.95 54.7 21.65 q 55.35 21.4 55.95 21.1 q 56.35 20.85 56.7 20.55 q 56.95 20.3 57.25 20 q 57.8 19.8 58.35 19.65 q 58.6 19.55 58.9 19.45 q 59.1 19.25 59.25 19.1 q 59.55 18.8 59.85 18.55 q 60.15 18.25 60.55 18 q 60.9 17.7 61.25 17.45 q 61.45 17.15 61.65 16.9 q 61.9 16.6 62.2 16.35 q 62.45 16.05 62.75 15.8 q 63.3 15.55 63.8 15.25 q 64.3 15 64.75 14.7 q 65 14.45 65.3 14.2 q 65.65 13.9 66.05 13.65 q 66.5 13.35 66.95 13.1 q 67.6 12.8 68.2 12.5 q 68.05 12.25 67.85 11.95 q 67.75 12.05 67.65 12.1 q 67.6 12.15 67.5 12.15 c f #8da3a4 0.298039 m 183.05 170.85 q 182.95 170.85 182.9 170.9 q 182.25 171.15 181.65 171.5 q 180.2 172.35 178.65 173.05 q 178.4 173.35 178.1 173.6 q 177.2 174.15 176.3 174.75 q 174.6 175.9 172.8 176.9 q 172.55 177.15 172.25 177.45 q 171.7 178 171.25 178.6 q 170.8 179.1 170.45 179.65 q 170.45 179.9 170.4 180.2 q 170.35 180.45 170.25 180.75 q 169.9 181.3 169.45 181.8 q 168.7 182.65 167.9 183.5 q 166.8 184.6 165.7 185.7 q 165.3 185.85 164.95 186.05 q 164.4 186.05 163.85 186.05 q 163.6 186.05 163.3 186.05 q 162.85 186.25 162.4 186.45 q 162.3 186.5 162.2 186.55 q 161.75 186.8 161.3 186.95 q 160.95 187.25 160.55 187.5 q 160.1 187.8 159.65 188.05 q 159.1 188.6 158.55 189.15 q 157.65 189.95 156.65 190.7 q 155.7 191.4 155.65 192.45 q 155.15 192.55 154.7 192.55 q 154.55 192.55 154.35 192.45 q 154 192.35 153.6 192.25 q 152.9 192.25 152.15 192.25 q 151.8 192.35 151.45 192.45 q 151.25 192.55 151.05 192.65 q 150.85 192.8 150.7 193 q 150.4 193.25 150.25 193.6 q 150.15 193.8 150.15 194.1 q 150.05 194.35 150.05 194.65 q 150.05 194.9 150.1 195.2 q 150.15 195.45 150.2 195.75 q 150.25 196 150.35 196.3 q 150.15 196.55 150 196.85 q 149.85 197.1 149.8 197.4 q 149.7 197.65 149.5 197.85 q 149.25 198.1 148.85 198.3 q 147.4 198.4 145.95 198.45 q 144.75 198.45 143.75 199.05 q 143.2 199.6 142.65 200.1 q 142.1 200.65 141.65 201.3 q 141.35 201.75 141.2 202.3 q 140.75 202.7 140.25 202.7 q 138.45 202.75 136.8 203.4 q 136.45 203.6 136.05 203.8 q 135.8 204.05 135.5 204.35 q 135.25 204.6 134.95 204.9 q 134.85 205.15 134.75 205.4 q 134.4 206 134.05 206.5 q 133.7 207.05 133.3 207.6 q 133.25 207.9 133.2 208.2 q 133.15 208.45 133.1 208.7 q 133.05 209 133.05 209.25 q 133.05 209.55 133.15 209.8 q 133.15 209.9 133.15 210 l 151.95 210 q 152.05 209.7 152.15 209.45 q 152.25 209.2 152.25 208.9 q 152.25 208.65 152.2 208.35 q 152.15 208.1 152.15 207.8 q 152.25 207.55 152.35 207.25 q 152.45 207 152.5 206.7 q 152.6 206.45 152.7 206.15 q 153 205.9 153.25 205.6 q 153.8 205.35 154.35 205.05 q 154.8 204.8 155.25 204.5 q 155.45 204.25 155.65 203.95 q 155.8 203.7 155.95 203.4 q 156.1 203.15 156.2 202.85 q 156.25 202.6 156.3 202.3 q 156.35 202.05 156.35 201.75 q 156.35 201.5 156.3 201.25 q 156.25 200.95 156.2 200.65 q 156.1 200.4 155.95 200.15 q 155.8 199.85 155.75 199.55 q 155.7 199.3 155.8 199.05 q 156.1 198.75 156.35 198.5 q 156.65 198.2 156.9 197.95 q 157.55 197.75 158.2 197.55 q 158.35 197.45 158.55 197.4 q 158.75 197.2 158.9 197 q 159.2 196.75 159.45 196.45 q 159.75 196.2 160 195.9 q 160.1 195.65 160.2 195.35 q 160.3 195.1 160.4 194.8 q 160.95 194.25 161.5 193.75 q 162.35 193 162.95 192.1 q 163.65 191 164.2 189.9 q 164.3 189.6 164.4 189.35 q 164.5 189.05 164.6 188.8 q 164.75 188.5 164.9 188.2 q 165.05 187.95 165.15 187.7 q 165.3 187.4 165.5 187.15 q 165.85 186.85 166.25 186.6 q 166.7 186.05 167.2 185.55 q 167.8 184.95 168.45 184.4 q 168.5 184.1 168.6 183.85 q 168.7 183.55 168.8 183.3 q 169.05 183.05 169.35 182.75 q 169.9 182.55 170.4 182.35 q 170.55 182.3 170.6 182.2 q 170.9 181.75 171.2 181.3 q 171.65 180.75 172.1 180.2 q 172.65 179.65 173.2 179.1 q 173.8 178.8 174.45 178.55 q 174.85 178.25 175.2 178 q 175.65 177.7 176.1 177.45 q 176.55 177.15 177 176.9 q 177.3 176.65 177.55 176.35 q 178.5 175.8 179.4 175.25 q 180.2 174.7 181.05 174.15 q 181.5 173.6 181.9 173 q 182.25 172.5 182.5 171.95 q 182.8 171.4 183.05 170.85 c f #8da3a4 0.298039 m 187.9 165.95 q 187.65 166.5 187.45 167.05 q 187.45 167.3 187.55 167.55 q 187.65 167.85 187.8 168.1 q 188.25 168.3 188.75 168.5 q 189.2 168.3 189.55 168 q 189.75 167.85 189.8 167.55 q 189.9 167.3 190.05 167.05 q 190.2 166.75 190.35 166.45 q 190.45 166.2 190.5 165.9 q 190.55 165.65 190.55 165.4 q 190.45 165.1 190.3 164.9 q 190 164.55 189.65 164.3 q 189.55 164.35 189.45 164.45 q 189 164.65 188.65 164.95 q 188.2 165.4 187.9 165.95 c f #8da3a4 0.298039 m 195 58.95 l 194.95 59 q 194.4 58.85 193.85 58.75 l 193.85 58.85 q 193.2 58.95 192.55 59 q 191.95 59.05 191.3 59.15 q 190.85 59.3 190.4 59.55 q 188.75 60.5 187.3 61.75 q 186.5 62.4 186 63.35 q 185.9 63.6 185.8 63.9 q 185.75 64 185.7 64.1 q 185.45 64.15 185.25 64.25 q 185 64.55 184.7 64.8 q 184.45 65.1 184.15 65.35 q 183.8 65.55 183.4 65.7 q 183.05 65.9 182.7 66.1 q 182.35 66.35 181.95 66.65 q 181.8 66.9 181.65 67.2 q 181.5 67.45 181.4 67.75 q 181.4 68 181.35 68.25 q 181.3 68.55 181.3 68.85 q 181.3 69.1 181.4 69.4 q 181.4 69.65 181.3 69.7 q 180.3 70.1 179.2 70.3 q 178.65 70.4 178.15 70.5 q 177.95 70.55 177.75 70.65 q 177.5 70.85 177.2 71.05 q 176.35 71.75 175.7 72.65 q 175.45 72.95 175.25 73.25 q 174.9 73.75 174.65 74.3 q 174.65 74.6 174.6 74.85 q 174.55 75.15 174.55 75.4 q 174.55 75.7 174.65 75.95 q 174.75 76.25 174.65 76.4 q 174.45 76.7 174.1 76.9 q 173.9 76.95 173.75 77.05 q 173.55 77.25 173.35 77.4 q 173.1 77.7 172.8 77.95 q 172.35 78.15 171.9 78.35 q 171.7 78.45 171.55 78.5 q 171.35 78.7 171.15 78.85 q 170.8 79.15 170.45 79.45 q 170.05 79.7 169.7 80 q 169.55 80.25 169.35 80.55 q 168.45 81 167.55 81.5 q 166.8 81.9 166.15 82.45 q 165.6 82.9 165.15 83.45 q 165.05 83.75 164.95 84 q 164.75 84.55 164.6 85.1 q 164.5 85.4 164.4 85.65 q 164.3 85.95 164.2 86.2 q 164.15 86.5 164.05 86.75 q 163.75 86.75 163.5 86.75 q 162.65 86.65 161.85 86.65 q 161.55 86.65 161.3 86.75 q 161.1 86.95 160.95 87.1 q 160.65 87.4 160.4 87.7 q 160.2 87.95 160 88.2 q 159.55 88.5 159.1 88.75 q 158.55 89.05 158 89.3 q 157.35 89.6 156.75 89.85 q 156.35 90.4 155.9 90.85 q 154.25 92.55 152.35 94 q 151.15 94.85 150.5 95.9 q 151.75 95.8 152.7 94.8 q 153 94.5 153.25 94.25 q 153.8 93.7 154.35 93.15 q 155 92.9 155.65 92.6 q 155.9 92.5 156.2 92.4 q 156.75 92.25 157.25 92 q 157.65 91.85 158 91.7 q 158.3 91.4 158.55 91.15 q 159.2 90.85 159.85 90.55 q 160.4 90.3 160.9 90 q 161.4 89.75 161.85 89.5 q 162.5 89.5 163.15 89.5 q 164.4 89.5 165.7 89.5 q 165.95 89.2 166.2 88.9 q 166.4 88.65 166.6 88.4 q 166.95 88.1 167.25 87.8 q 167.4 87.55 167.5 87.3 q 167.6 87 167.75 86.75 q 167.9 86.5 168.1 86.2 q 168.35 85.95 168.6 85.65 q 169.15 85.45 169.7 85.3 q 170.05 85.2 170.45 85.1 q 170.7 84.9 171 84.75 q 171.45 84.55 171.9 84.35 q 172.1 84.3 172.25 84.2 q 172.45 84 172.6 83.8 q 172.8 83.55 173 83.3 q 175.4 81.55 177.8 79.8 q 178.75 79.05 179.75 78.35 q 180.85 78.35 181.95 78.35 q 182.7 78.35 183.4 78.35 q 183.8 78.45 184.15 78.5 q 184.6 78.6 185.05 78.7 q 185.55 78.6 185.95 78.5 q 186.15 78.45 186.35 78.35 q 186.6 78.15 186.9 77.95 q 187.1 77.7 187.25 77.4 q 187.35 77.15 187.45 76.9 q 187.5 76.75 187.55 76.6 q 188.1 76.75 188.75 76.9 q 189.35 76.8 190 76.65 q 190.2 76.6 190.4 76.55 q 191.1 76.35 191.85 76.15 q 192.4 75.85 192.9 75.55 q 193.3 75.3 193.65 75.05 q 193.85 74.75 194.05 74.5 q 194.5 74.2 194.95 73.95 q 194.95 73.9 195 73.9 l 195 58.95 c f #8da3a4 0.298039 m 195 48.2 q 194.95 48.25 194.95 48.35 q 194.85 49.15 194.8 50 q 194.75 51.1 194.7 52.2 q 194.65 53.05 194.9 53.85 q 194.95 54 195 54.25 l 195 48.2 c f #8da3a4 0.298039 m 191.45 16 q 191.85 15.8 192.2 15.6 q 192.65 15.35 193.1 15.05 q 193.5 14.8 193.85 14.5 q 194.05 14.25 194.2 13.95 q 194.4 13.7 194.6 13.4 q 194.75 13.15 194.95 12.85 q 194.95 12.75 195 12.7 l 195 10 q 195 0 185 0 l 175.05 0 q 175 0 175 0.05 q 174.9 0.35 174.85 0.6 q 174.75 0.9 174.65 1.15 q 174.55 1.45 174.5 1.75 q 174.45 2 174.4 2.25 q 174.35 2.55 174.3 2.8 q 174.35 3.1 174.4 3.35 q 174.45 3.65 174.5 3.9 q 174.55 4.2 174.65 4.45 q 174.75 4.75 174.85 5 q 174.9 5.3 175 5.55 q 175.1 5.85 175.2 6.1 q 174.45 6.85 173.8 7.7 q 173.35 8.3 172.8 8.85 q 172.55 9.15 172.3 9.4 q 172.1 9.65 171.9 9.95 q 171.7 10.2 171.55 10.5 q 171.45 10.75 171.35 11.05 q 171.25 11.3 171.15 11.6 q 171.1 11.85 171 12.15 q 170.7 12.4 170.45 12.7 q 170.15 12.95 169.9 13.25 q 169.7 13.5 169.55 13.8 q 169.35 14.35 169.2 14.9 q 169.05 15.45 168.95 16 q 168.9 16.25 168.8 16.55 q 168.7 16.8 168.65 17.1 q 168.6 17.35 168.55 17.6 q 168.5 17.9 168.45 18.2 q 168.25 18.45 168.05 18.75 q 167.9 19 167.7 19.25 q 167.5 19.55 167.35 19.8 q 167.15 20.1 167 20.4 q 166.85 20.65 166.8 20.9 q 166.5 21.2 166.25 21.45 q 165.7 22 165.15 22.6 q 164.95 22.85 164.75 23.1 q 164.6 23.4 164.4 23.65 q 164.2 23.95 164.1 24.25 q 163.95 24.5 163.85 24.75 q 163.85 25.05 163.85 25.3 q 163.85 25.6 163.85 25.85 q 163.65 26.15 163.45 26.4 q 163.2 26.7 162.9 26.95 q 162.65 27.15 162.4 27.3 q 161.65 27.3 160.95 27.3 q 160.55 27.3 160.2 27.35 q 159.3 27.5 158.35 27.7 q 157.45 28.25 156.6 28.85 q 156.25 29.05 156 29.35 q 155.8 29.6 155.6 29.85 q 155.35 30.15 155.1 30.45 q 154.8 30.7 154.55 31 q 153.55 31.25 152.55 31.6 q 151.95 31.8 151.45 32.1 q 151.05 32.35 150.7 32.6 q 150.5 32.9 150.3 33.15 q 150.05 33.45 149.85 33.75 q 149.7 34 149.6 34.25 q 149.5 34.55 149.4 34.8 q 149.3 35.1 149.25 35.35 q 149.15 35.65 149.05 35.9 q 148.85 36.2 148.65 36.45 q 148.4 36.75 148.15 37 q 147.85 37.3 147.6 37.55 q 147.15 37.75 146.7 37.95 q 146.3 38.1 145.95 38.3 q 145.55 38.55 145.2 38.85 q 144.95 39.1 144.7 39.4 q 144.45 39.65 144.3 39.95 q 144.2 40.2 144.15 40.5 q 144.1 40.75 144 41 q 143.95 41.2 143.75 41.4 q 143.2 41.5 142.65 41.6 q 142.1 41.65 141.55 41.75 q 141.2 41.95 140.85 42.15 q 140.45 42.4 140.1 42.7 q 139.8 42.95 139.6 43.25 q 139.45 43.5 139.35 43.8 q 139.25 44.05 139.2 44.35 q 139.15 44.6 139.15 44.85 q 139.1 45.15 139 45.4 q 139.1 45.7 139.15 46 q 139.15 46.25 139.15 46.5 q 139.15 46.8 139.15 47.05 q 139.15 47.35 139.15 47.6 q 139.1 47.9 139 48.15 q 138.9 48.45 138.75 48.7 q 138.6 49 138.45 49.25 q 138 49.45 137.55 49.65 q 137 49.7 136.45 49.8 q 136.05 50 135.7 50.2 q 135.35 50.45 135 50.75 q 134.7 51 134.5 51.3 q 134.35 51.55 134.25 51.8 q 134.15 52.1 134.1 52.4 q 134.05 52.65 134 52.9 q 133.95 53.2 133.95 53.45 q 133.95 53.75 134.05 54 q 134.05 54.3 134.15 54.55 q 134.25 54.85 134.4 55.15 q 134.5 55.4 134.6 55.65 q 134.6 55.95 134.45 56.1 q 134.25 56.4 133.85 56.6 q 133.4 56.65 132.95 56.75 q 132.7 56.95 132.45 57.15 q 132.15 57.4 131.85 57.65 q 131.6 57.95 131.3 58.2 q 130.75 58.4 130.2 58.6 q 129.55 58.75 128.95 58.95 q 128.55 59.25 128.2 59.5 q 127.85 59.8 127.5 60.05 q 127.2 60.35 126.9 60.6 q 126.65 60.85 126.35 61.15 q 126.35 61.4 126.35 61.7 q 126.3 61.95 126.2 62.25 q 126 62.5 125.85 62.8 q 125.75 63.05 125.6 63.35 q 125.45 63.6 125.25 63.9 q 125.1 64.15 124.9 64.4 q 124.65 64.7 124.4 65 q 124.2 65.25 124 65.55 q 124 65.8 123.95 66.1 q 123.9 66.35 123.85 66.65 q 123.8 66.9 123.8 67.2 q 123.65 67.45 123.5 67.75 q 123.35 68 123.25 68.3 q 123.15 68.55 123.1 68.85 q 123.1 69.1 123.15 69.35 q 123.25 69.55 123.45 69.75 q 123.7 69.75 124 69.7 q 124.7 69.55 125.45 69.4 q 126 69.1 126.55 68.85 q 126.85 68.55 127.05 68.25 q 127.3 68 127.45 67.75 q 127.85 67.45 128.2 67.2 q 128.4 66.9 128.55 66.65 q 128.95 66.35 129.3 66.1 q 129.75 65.8 130.2 65.55 q 130.5 65.25 130.8 65 q 131.1 64.7 131.5 64.45 q 132.3 64.25 133.15 64.05 q 133.8 63.9 134.4 63.7 q 134.8 63.45 135.15 63.15 q 135.25 62.9 135.35 62.65 q 135.5 62.35 135.7 62.05 q 136.6 61.9 137.5 61.65 q 138.05 61.5 138.6 61.35 q 139 61.05 139.35 60.8 q 139.7 60.5 140.1 60.25 q 140.55 59.95 141 59.7 q 141.25 59.4 141.55 59.15 q 141.8 58.85 142.1 58.6 q 142.9 58.5 143.75 58.4 q 144.1 58.2 144.45 58 q 144.85 57.75 145.2 57.5 q 145.4 57.2 145.6 56.95 q 145.85 56.65 146.15 56.4 q 146.5 56.1 146.85 55.85 q 147.3 55.75 147.75 55.7 q 148.15 55.65 148.5 55.65 q 149.25 55.5 149.95 55.3 q 150.4 55 150.85 54.75 q 151.15 54.45 151.4 54.2 q 151.5 53.95 151.65 53.65 q 151.8 53.4 151.95 53.1 q 152.05 52.85 152.1 52.55 q 152.15 52.3 152.15 52 q 152.15 51.75 152.3 51.6 q 152.6 51.25 153.05 51.05 q 153.45 50.9 153.8 50.7 q 154.15 50.45 154.55 50.2 q 154.7 49.9 154.9 49.65 q 155.25 49.45 155.65 49.25 q 156.55 49.1 157.45 48.9 q 158 48.6 158.55 48.3 q 158.9 48.05 159.3 47.8 q 160 47.6 160.75 47.45 q 160.95 47.35 161.1 47.25 q 161.5 47.05 161.85 46.85 q 162.2 46.6 162.6 46.35 q 162.75 46.05 162.95 45.8 q 163.15 45.5 163.25 45.2 q 163.4 44.95 163.5 44.7 q 163.95 44.5 164.4 44.35 q 164.75 44.25 165.15 44.15 q 165.5 43.95 165.85 43.75 q 166.25 43.5 166.6 43.25 q 166.95 42.95 167.35 42.7 q 167.5 42.4 167.7 42.1 q 168.2 41.2 169 40.5 q 169.6 39.95 170.2 39.35 q 170.45 39.1 170.6 38.85 q 170.8 38.55 171 38.3 q 171.15 38 171.35 37.75 q 171.45 37.45 171.55 37.2 q 171.65 36.9 171.7 36.65 q 171.9 36.35 172.1 36.1 q 173.35 35.45 174.2 34.4 q 174.55 33.9 174.85 33.35 q 175 33.1 175.15 32.8 q 175.3 32.55 175.4 32.3 q 175.55 32 175.75 31.7 q 176.55 31.15 177.35 30.55 q 177.95 30.05 178.45 29.5 q 178.65 29.25 178.85 28.95 q 179.05 28.7 179.2 28.4 q 179.3 28.15 179.4 27.85 q 179.65 27.6 179.95 27.35 q 180.3 27.05 180.7 26.75 q 180.85 26.5 181.05 26.25 q 181.3 25.95 181.55 25.65 q 181.8 25.4 181.95 25.15 q 182.4 25.05 182.9 24.95 q 183.6 24.85 184.35 24.75 q 185.75 24.3 186.85 23.25 q 187.35 22.75 187.75 22.15 q 187.9 21.95 188.05 21.65 q 188.2 21.4 188.3 21.1 q 188.45 20.85 188.55 20.55 q 188.65 20.3 188.7 20 q 188.75 19.75 188.75 19.45 q 188.75 19.2 188.75 18.9 q 188.8 18.65 188.9 18.35 q 188.8 18.1 188.75 17.8 q 188.75 17.55 188.7 17.25 q 188.65 17 188.55 16.7 q 189 16.55 189.45 16.35 q 190.2 16.25 190.9 16.1 q 191.2 16.05 191.45 16 c
f #1a5c2c 0.298039 m 107 -164.95 q 107 -174.95 97 -174.95 l -78 -174.95 q -88 -174.95 -88 -164.95 l -88 25.05 q -88 35.05 -78 35.05 l 97 35.05 q 107 35.05 107 25.05 l 107 -164.95 c f 0 0 s 0.1 #333 0.498039 m -78 -174.95 l 97 -174.95 q 107 -174.95 107 -164.95 l 107 25.05 q 107 35.05 97 35.05 l -78 35.05 q -88 35.05 -88 25.05 l -88 -164.95 q -88 -174.95 -78 -174.95
f #282828 1 m 107 -164.95 q 107 -174.95 97 -174.95 l -78 -174.95 q -88 -174.95 -88 -164.95 l -88 25.05 q -88 35.05 -78 35.05 l 97 35.05 q 107 35.05 107 25.05 l 107 -164.95 c
f #a78a00 1 m 378 362.05 l 378 347.05 q 378 337.05 368 337.05 l 221 337.05 q 211 337.05 211 347.05 l 211 362.05 q 211 372.05 221 372.05 l 368 372.05 q 378 372.05 378 362.05 c
f #7fa503 1 m 378 362.05 l 378 347.05 q 378 337.05 368 337.05 l 221 337.05 q 211 337.05 211 347.05 l 211 362.05 q 211 372.05 221 372.05 l 368 372.05 q 378 372.05 378 362.05 c
f #090 1 m 696.15 428.45 q 696.15 418.1 688.8 410.75 q 681.5 403.45 671.15 403.45 l 501.15 403.45 q 490.8 403.45 483.45 410.75 q 476.15 418.1 476.15 428.45 q 476.15 438.8 483.45 446.1 q 490.8 453.45 501.15 453.45 l 671.15 453.45 q 681.5 453.45 688.8 446.1 q 696.15 438.8 696.15 428.45 c
f 0 0 s 3 #fff 0.4 m 8.65 -5 l 17.3 -10 f 0 0 s 3 #fff 0.4 m 5 -8.65 l 10 -17.3 f 0 0 s 3 #fff 0.4 m 5 8.65 l 10 17.3 f 0 0 s 3 #fff 0.4 m 0 10 l 0 20 f 0 0 s 3 #fff 0.4 m 20 0 l 10 0 f 0 0 s 3 #fff 0.4 m 17.3 10 l 8.65 5 f 0 0 s 3 #fff 0.4 m -10 17.3 l -5 8.65 f 0 0 s 3 #fff 1 m 0 -20 l 0 -10 f 0 0 s 3 #fff 0.898039 m -10 -17.3 l -5 -8.65 f 0 0 s 3 #fff 0.8 m -8.65 -5 l -17.3 -10 f 0 0 s 3 #fff 0.498039 m -17.3 10 l -8.65 5 f 0 0 s 3 #fff 0.6 m -10 0 l -20 0
f #090 1 m 626.15 422.9 q 626.15 414.85 620.45 409.15 q 614.75 403.45 606.7 403.45 l 495.6 403.45 q 487.55 403.45 481.85 409.15 q 476.15 414.85 476.15 422.9 l 476.15 426 q 476.15 434.05 481.85 439.75 q 487.55 445.45 495.6 445.45 l 606.7 445.45 q 614.75 445.45 620.45 439.75 q 626.15 434.05 626.15 426 l 626.15 422.9 c
f #161616 1 m 23.85 -71.55 q 13.9 -71.55 6.85 -64.5 q 1.15 -58.8 0.05 -51.2 q 0.05 -51 0 -50.75 q -0.05 -51 -0.05 -51.2 q -1.15 -58.8 -6.85 -64.5 q -13.9 -71.55 -23.85 -71.55 q -33.8 -71.55 -40.85 -64.5 q -47.65 -57.7 -47.9 -47.5 q -48.45 -23.45 -24.05 -4.3 q -12.1 5.05 0 9.8 q 12.1 5.05 24.05 -4.3 q 48.45 -23.45 47.9 -47.5 q 47.65 -57.7 40.85 -64.5 q 33.8 -71.55 23.85 -71.55 c
f #f36 1 m 0 0 l 0 100 l 100 100 l 100 0 l 0 0 c
f #161616 1 m 23.85 -40.7 q 13.9 -40.7 6.85 -33.65 q 1.15 -27.95 0.05 -20.35 q 0.05 -20.15 0 -19.9 q -0.05 -20.15 -0.05 -20.35 q -1.15 -27.95 -6.85 -33.65 q -13.9 -40.7 -23.85 -40.7 q -33.8 -40.7 -40.85 -33.65 q -47.65 -26.85 -47.9 -16.65 q -48.45 7.4 -24.05 26.55 q -12.1 35.9 0 40.65 q 12.1 35.9 24.05 26.55 q 48.45 7.4 47.9 -16.65 q 47.65 -26.85 40.85 -33.65 q 33.8 -40.7 23.85 -40.7 c
f #f6ff00 1 m 271 10 l 271 0 l 0 0 l 0 10 l 271 10 c
f #d49f00 0.8 m -135.5 -40 l -135.5 40 l 135.5 40 l 135.5 -40 l -135.5 -40 c
f #333 1 m 585.85 584 q 585.85 579 580.85 579 l 391 579 q 386 579 386 584 l 386 599 q 386 604 391 604 l 580.85 604 q 585.85 604 585.85 599 l 585.85 584 c
f #66c 1 m 585.85 584 q 585.85 579 580.85 579 l 391 579 q 386 579 386 584 l 386 599 q 386 604 391 604 l 580.85 604 q 585.85 604 585.85 599 l 585.85 584 c
f #000 0.498039 m 891 94.05 l 891 19.05 q 891 14.05 886 14.05 l 779 14.05 q 774 14.05 774 19.05 l 774 94.05 q 774 99.05 779 99.05 l 886 99.05 q 891 99.05 891 94.05 c
f 0 0 s 1 #fc0 1 m -173.95 124.25 l -4 124.25
f #000 0.498039 m 953.95 19.05 q 953.95 14.05 948.95 14.05 l 779 14.05 q 774 14.05 774 19.05 l 774 163.05 q 774 168.05 779 168.05 l 948.95 168.05 q 953.95 168.05 953.95 163.05 l 953.95 19.05 c